region	ids	voxels	points	faces	volume_mm3	bounds_xyz
Cerebellum_I_IV_L	[1]	3929	1440	2876	3926.9	(-21.7, 1.4, -57.5, -30.5, -33.4, -0.5)
Cerebellum_I_IV_R	[2]	4749	1672	3340	4754.5	(0.1, 28.4, -57.6, -29.3, -37.3, -0.4)
Cerebellum_V_L	[3]	5054	1893	3782	5074.7	(-29.8, 1.3, -68.3, -31.7, -38.4, -2.4)
Cerebellum_V_R	[4]	5534	1992	3980	5543.4	(0.1, 33.3, -68.3, -31.8, -37.5, -1.9)
Cerebellum_VI_L	[5]	11718	3030	6056	11714.7	(-40.2, -3.6, -81.4, -34.7, -42.1, -9.8)
Vermis_VI	[6]	2504	849	1694	2465.4	(-5.1, 6.7, -80.1, -57.8, -29.5, -10.6)
Cerebellum_VI_R	[7]	11532	3050	6096	11531.8	(5.6, 43.2, -80.3, -33.9, -42.6, -10.3)
Cerebellum_CrusI_L	[8]	17660	4042	8080	17593.1	(-55.6, -4.4, -92.6, -41.6, -45.2, -18.7)
Vermis_CrusI	[9]	27	40	76	11.5	(-4.3, -2.2, -80.8, -75.8, -27.1, -23.7)
Cerebellum_CrusI_R	[10]	17980	4156	8308	17933.8	(5.6, 56.6, -91.6, -40.6, -45.6, -17.6)
Cerebellum_CrusII_L	[11]	13560	3788	7572	13555.4	(-52.4, -0.3, -93.7, -41.3, -55.2, -23.8)
Vermis_CrusII	[12]	551	305	606	538.9	(-4.4, 5.0, -79.9, -70.0, -37.4, -24.7)
Cerebellum_CrusII_R	[13]	12549	3659	7314	12543.0	(1.7, 52.7, -92.8, -41.5, -53.4, -22.8)
Cerebellum_VIIb_L	[14]	7013	2651	5298	6964.2	(-47.9, -1.6, -82.4, -40.7, -61.2, -31.5)
Vermis_VIIb	[15]	266	194	384	256.3	(-5.1, 5.9, -71.6, -64.6, -34.3, -27.7)
Cerebellum_VIIb_R	[16]	7035	2586	5168	7007.2	(3.0, 48.3, -81.8, -39.9, -61.1, -30.7)
Cerebellum_VIIIa_L	[17]	6876	2231	4458	6863.5	(-39.4, -2.7, -73.5, -37.8, -63.6, -36.3)
Vermis_VIIIa	[18]	1618	730	1456	1607.5	(-8.2, 8.5, -75.1, -57.7, -47.2, -28.5)
Cerebellum_VIIIa_R	[19]	6452	2126	4248	6459.2	(4.6, 41.4, -72.8, -38.4, -62.7, -35.0)
Cerebellum_VIIIb_L	[20]	5409	1710	3416	5383.9	(-28.7, -6.2, -65.3, -37.5, -66.1, -37.8)
Vermis_VIIIb	[21]	816	459	914	804.0	(-7.5, 7.5, -67.7, -58.6, -48.5, -33.5)
Cerebellum_VIIIb_R	[22]	5443	1750	3496	5465.7	(6.7, 31.3, -65.6, -38.5, -66.6, -38.7)
Cerebellum_IX_L	[23]	4478	1432	2860	4450.6	(-16.3, 1.2, -65.3, -44.0, -64.3, -31.4)
Vermis_IX	[24]	879	459	914	868.9	(-5.6, 6.4, -62.5, -50.6, -46.4, -29.3)
Cerebellum_IX_R	[25]	4682	1493	2982	4667.3	(-0.7, 17.2, -65.2, -43.8, -64.4, -31.9)
Cerebellum_X_L	[26]	776	418	832	761.7	(-28.2, -11.8, -45.7, -33.3, -50.0, -40.0)
Vermis_X	[27]	493	306	608	474.0	(-4.3, 6.3, -53.2, -45.4, -43.4, -30.1)
Cerebellum_X_R	[28]	827	440	876	818.1	(13.2, 30.2, -45.1, -32.8, -50.2, -40.4)
Cerebellum_Dentate_L	[29]	1843	785	1566	1815.5	(-21.5, -6.2, -69.3, -48.6, -42.5, -26.4)
Cerebellum_Dentate_R	[30]	2087	842	1680	2058.5	(6.8, 22.5, -69.6, -48.3, -43.4, -25.9)
Cerebellum_Interposed_L	[31]	213	172	340	194.3	(-9.5, -3.5, -62.3, -52.6, -33.6, -24.3)
Cerebellum_Interposed_R	[32]	242	188	372	230.0	(4.4, 11.2, -62.3, -52.4, -34.0, -24.2)
